-2.007972669072931815e+00
1.070120103063506856e-01
3.529700049333946987e-01
-1.680983527906289465e+00
2.094001530360654340e-01
1.798822338362435147e+01
1.571886456073505337e-03
6.030310424094161847e-01
-1.341589288289666060e+00
7.400400231212710400e-01
2.896224715958865478e-02
-1.781576679560190613e+00
2.571487318906722219e+00
9.103268899135282810e-01
1.969112759160721038e-02
-1.517001579658643129e+00
6.188244903084711979e-01
1.712307815111953624e-01
1.822498925580823964e-02
2.072838846507027988e+00
9.221451264347930721e-01
-1.233131489052851970e+00
4.509264379257663102e-01
1.303393938917628003e-01
-3.946827678657263760e+01
2.670907921329995216e-01
4.287168388979473721e-01
-1.116901605645051809e+00
-1.084668167131016547e+00
4.688472336784090366e+00
-1.221922249760370560e+00
-3.286610020599719295e+00
-1.199714258186016957e+00
5.328522821347977390e-01
2.975458897317811297e-02
1.562866026086376925e-01
-1.791684527567015461e+00
4.429410108286936654e-02
9.644438146641832077e+00
-1.360962842302082088e+00
4.526578582462362776e-01
5.939496708566729261e-02
-3.209931013737733263e+00
-4.274910607926316608e+00
4.084409011661201822e-02
-1.235562391242903013e+00
7.762083829178219041e-01
-2.501380795030047288e+00
-1.776695046481818530e+00
2.770888335008742098e-01
7.113957387872267904e-03
5.892061907193638648e-01
1.426601671249616392e-02
8.960627916718152952e-02
7.671778082482609562e-02
8.801868660041924780e-03
1.682152824439545058e-01
2.263983772462711264e-01
7.409549910189426603e-02
2.830371724425592012e-02
2.821346353977944102e-02
5.374614517688163645e-02
1.283320653785157806e+00
1.183849221510689491e-02
2.123724697347711618e-02
3.201792583506979373e-02
3.397814289219647926e-02
1.580971447302700894e-02
1.601389597870273851e-01
2.289717344539409644e-02
4.539201385268048020e-03
2.587762092057824259e-01
6.603734560146093391e-02
1.093912387328523500e-01
3.550078018452427348e-02
1.294885464264480986e-02
1.644692554047648761e-02
7.259276250829115040e-02
6.365982741664892759e-03
3.866174864972349856e-01
1.893720537776105495e+00
9.241709031470957212e-04
2.598702327464164075e-02
1.118556666028892345e-02
8.218346230864620461e-02
2.323378700105866584e-02
2.629589374066269511e-02
6.180731201158383425e-02
4.395210659845256995e-02
3.816447064989366908e-03
4.128377395252895155e-01
8.744645358723991679e-02
1.014387498399880599e-01
7.316865410959570715e-02
4.143049735578752113e-02
5.861076787626624124e-02
4.538913112823833584e-02
5.031124449257667192e-02
7.422985892950173872e-03
1.350505635524670289e-01
