1.309574115765784086e+00
1.390804453741717737e+02
2.342715395831532703e+02
3.627274234895830318e+01
6.841813898360709148e-03
1.099891077811787632e-02
3.892256491218714642e-01
-9.637473055520388021e-01
7.692228855480817140e-01
1.265949099245072373e+00
1.732087261967427683e+00
-1.944066719631689182e+02
2.577003043580942260e-02
-3.461879360248164783e+00
2.094773304826975588e-02
-1.276271858386372804e+00
4.473826985283201885e-01
2.717763432134617130e+00
5.175997381112156237e-01
-1.749269721679948653e+00
3.734366414824943359e+00
8.052658394852263424e-01
4.332361292513301265e+01
-1.359379650557813513e+00
8.377314870967438321e-01
8.289319145025044744e-01
2.598117360363779160e-01
-4.128780884939294182e+00
-4.341031247400346516e+00
-1.861167454784840558e+01
2.150750068554453664e-01
9.785790623770351804e-02
-1.937583017569893595e+00
1.370992639361983567e+00
-2.145901525099924712e+00
4.393859511889999236e-01
2.764462034035384819e-01
4.738697403366892713e-01
-6.008143892946426590e+00
-1.034735441064363659e+00
7.623730513262346742e-01
-1.942526095607969516e+00
1.042677477563430877e+00
3.754245402585119074e-01
-3.193139865738560346e+00
8.181223899804875854e-01
5.923599475452069330e-01
-1.244676374044229927e+00
3.995465055450941882e+00
2.457925378463269084e+00
8.777456101804482699e-03
4.535321685038745665e-02
3.465247204342188081e-02
1.969740151138956938e-02
9.272581464404101859e-02
2.208338264669390538e-02
1.165888993275287014e-02
6.322209355432552302e-02
6.993991550234147925e-02
5.460931861729247452e-03
1.384972262209487048e-02
2.054964752209506584e-01
2.724946397265774322e-03
6.130018176169741567e-02
1.304076468711136694e-01
2.483874838315232834e-03
5.910365066510252924e-03
2.870925818969511864e-02
1.315267036839860154e-02
1.998537139453893940e-01
7.873927423168064488e-02
1.559134026591130762e-01
3.070161457487961543e-01
1.818285600908837009e-03
5.671818763616577330e-01
2.192219375805673498e-02
2.636061199746723288e-02
4.813505594481927441e-02
-2.721210648459214454e+00
3.858009921539747727e-02
4.018078775220780552e-02
1.487727748366504850e-02
1.429877341596565328e-02
4.593676934470830239e-03
3.853860182464134004e-02
5.660962609458640958e-03
5.125540478121987792e-04
2.183680227503608517e-01
2.295536427161332278e-03
1.362970981228122692e-02
4.516152969078697510e-02
1.451924154729465344e-01
1.020626594485028182e-01
1.996997298219189629e-02
8.372251464874440607e-01
6.528524931059469932e-03
1.482005142575588096e-02
6.282839458767564000e-02
2.605581447222869371e-02
2.541349717762303190e-03
