8.698522020209387140e-01
3.829586303340184461e-01
1.464939873323245767e-01
6.429161520500066285e-01
1.062318164358822675e-01
3.025891671898653379e-01
4.209201784720885686e-01
2.417357609684142247e-02
2.910598917258220425e-02
4.090245463269572279e-01
5.527967148899739364e-02
6.846616866169105142e-01
5.926438542891821620e-02
3.453317983418026649e-01
7.241859243144889158e-01
4.462181403882033159e-02
4.815819108280747912e-03
4.297714752522136528e-01
3.468600344080372544e-01
6.179424000758373947e-02
3.481429316500897486e-01
4.553108894482397750e-01
3.810991193966540291e-01
4.931474314656468794e-01
3.709098546088157589e-01
5.259773127586827440e-02
6.113290917523737239e-02
4.020607019812576510e-01
5.880907160415600465e-01
4.641514288318963899e-02
7.119342800768712065e-01
7.312719291203596539e-01
8.793488803862810066e-01
3.802262125878269616e-01
1.346741482202407358e-01
2.182945354673103758e-02
9.747577147206512582e-02
9.140492177090620007e-01
7.709108252573367848e-01
2.730863304483818754e-01
2.777419380645874958e-02
1.024708072548237842e-01
4.816916272162319324e-01
1.754875890601072519e-01
3.049553501645887454e-01
2.118209512632886204e-01
6.475541878238941784e-01
1.448625499022096197e-01
7.550818095828717991e-02
4.458247997405158092e-01
3.514549975634170126e-02
5.011388408422674523e-01
9.678392826534527871e-02
2.461736834860731304e-01
1.966714675971132087e-01
1.800215515222400309e-01
2.782994840387032487e-01
4.039291190979348301e-01
8.781313655568567800e-02
1.418723954888755912e-01
9.541189065377046752e-02
6.536279026461191410e-01
4.376858718716394869e-01
1.077976054809423184e-01
4.428403182675955674e-01
5.809358691150259268e-01
1.426634118287156139e-01
1.024835563665135729e-01
3.616807479808942793e-01
7.097892110814998379e-01
7.037945266933777200e-01
1.134916026658602667e-01
6.768553829167881508e-01
1.332455550578445502e-01
6.691786648807460658e-01
3.640046939373701163e-01
3.972596423220180473e-01
3.500790237545066130e-01
1.804662679127748762e-02
3.834458229075859981e-01
8.286637002609150704e-01
5.842620031028996491e-02
5.401240223423661169e-01
3.007696766230193441e-01
7.920633581675805279e-02
8.640792586723151925e-02
3.574512292393693946e-01
5.890187595816241961e-01
3.266447768535968854e-01
3.947345433667949488e-02
4.937299567256259736e-01
1.903910302367617727e-02
8.160252463198300332e-02
5.894773977945212406e-01
8.794198952551317283e-02
2.236297341350335643e-01
1.598172739874200998e-01
1.307039558017419334e-01
1.132816200286448222e-01
3.125232696226944440e-01
3.984299373142081990e-02
7.976946170379896062e-01
8.326869906976022140e-01
4.047997610738582885e-01
4.787233113640879667e-01
6.251460741900073843e-03
1.756953384720408295e-02
4.636252408391324659e-02
5.499834882987668649e-01
4.231163849948289118e-02
2.063722020162991611e-01
7.771643028880970139e-01
2.430890129417083156e-01
3.939904040708771399e-02
1.614171375027816102e-01
4.875071684164559299e-02
4.424669200038509886e-02
4.135211812593042602e-01
3.949791387659933872e-01
4.394097931254700024e-02
3.233051860826989810e-01
9.739291898032381711e-02
8.050890599609888953e-02
9.651161416252147518e-01
1.597410539329710000e-01
9.302437738554695038e-03
4.726442460905200260e-01
3.165932776029422024e-01
7.786673132046291190e-01
2.266970297577827198e-01
6.765052335813745432e-02
7.919788617475228554e-01
8.133171290313538637e-02
2.477762448480750820e-02
2.172032045310678255e-02
4.756464947323216230e-01
1.915175247284574556e-01
2.170048649755911829e-01
5.174927683514194410e-01
7.476190497463758300e-02
2.899161349755355332e-01
2.055910219832025598e-01
6.651727325533957069e-02
4.578396074878846728e-02
4.368700747737872536e-01
9.108399122864507813e-01
1.890983551499923199e-01
1.317412873997357743e-02
7.734277279662923887e-02
6.013465979981013065e-01
6.297071631255802826e-01
9.194325514852444425e-02
5.634229316027667966e-01
4.754967136718229320e-02
5.166207622592299264e-01
1.072368910611626730e-01
4.303113512484760816e-01
3.429634420548042795e-01
8.640942348128659578e-01
1.152807944450202765e-01
5.191706049170085047e-01
4.916014070882437914e-02
5.158853800617880792e-01
6.869620230380388826e-01
8.447515438631464368e-02
3.751624820417955031e-02
2.325386993858017948e-01
8.164031733201633501e-02
5.222896049464773593e-01
1.364607121949018564e-01
4.808543877987238035e-01
6.552960057915819814e-01
2.640973289920304223e-01
7.427682090221218170e-01
2.708270592039894731e-01
2.664689768613088053e-02
4.778784818017677294e-01
2.053137457729553583e-01
1.374621029830948304e-01
1.650645674594646006e-01
1.227197275324951459e-01
1.729915403240149252e-01
3.000652248480914497e-01
9.770573398666441284e-03
3.993721808573492682e-01
8.808125929728745362e-02
6.117694360385381863e-02
4.282712252290960531e-01
2.399214961539433977e-01
1.041225033537890310e-01
3.561763668933874694e-02
1.731567836299081620e-01
2.782745835808169699e-01
8.708574583175726636e-01
1.994689227539470922e-01
1.118030980452459494e-01
6.963099004080542942e-01
2.836456943360737282e-01
3.353440128147907595e-01
5.925484110476811894e-01
1.478204309306798969e-01
7.947676807290444956e-02
6.864905091232159640e-01
3.853426718479681379e-02
4.060287211075824798e-01
3.645168425098763709e-01
2.530857829140728543e-01
2.337141861429058165e-01
1.426188465126272675e-01
2.220646336725751874e-02
6.999582659092792314e-01
3.313511143693742000e-01
1.451312864308656470e-01
2.269074237767828017e-01
6.772195035487089954e-02
3.128100596992717392e-02
1.543843314018951418e-01
5.521107625626274495e-02
2.969567254973884407e-01
3.448324332479613119e-01
3.037793111886005065e-02
1.602653683708604171e-01
3.049385693550511409e-02
1.550619526695275197e-01
4.610836303850270879e-01
6.892682961519159823e-01
2.462875715543895172e-01
8.678290403201419090e-02
2.216569013770110230e-01
1.454432579050498886e-01
6.112649814066559717e-01
2.030848107719715467e-01
3.615227082685832372e-01
3.974640806348560540e-01
2.687786417546481621e-01
5.941476454866928547e-01
2.884802532914554907e-01
3.975697167085148198e-01
1.699004279913109497e-02
6.543229616322857600e-01
3.063801578706111250e-01
1.116034239640099901e-01
7.599605630717083393e-01
2.645683307497131431e-01
2.930469990335933875e-02
5.736613821971921212e-02
5.844315636138849163e-02
3.083384830589974701e-01
5.387012569323209599e-01
1.183230975881182645e-01
3.200894086209881695e-01
3.118526471586520743e-01
4.080043239397788263e-02
1.469094176992416234e-01
8.624373645556922263e-02
5.341415479644785053e-02
3.695937366576342031e-02
3.618780970594516755e-01
6.501866460314538188e-01
7.048083885738064269e-02
2.936686753953903772e-01
1.113289197863335522e-01
1.428647184046369090e-01
4.641078338520603364e-01
1.177154752893277839e-01
6.898044582431667182e-01
5.597927592325140367e-01
3.712013207432323103e-01
3.086340487371059260e-01
4.478516451220931338e-01
6.280869382682328084e-01
1.024061358333826499e-01
1.471160244790926386e-01
2.696666257997232599e-02
4.242267323597428974e-01
8.615022154049577219e-02
4.520419701601117723e-01
2.639080488067884200e-01
1.982625625328366878e-02
3.247100656555508835e-01
3.369689232004248747e-01
1.067136153813640492e-01
1.481949278178265050e-01
2.164162222129336066e-01
2.094839783595708882e-01
4.617062307819515543e-01
5.173540707276322870e-01
7.222389783446172551e-01
5.072315280834480689e-01
4.450302084386639767e-01
4.442941445359005481e-01
3.144940383439114862e-01
1.928365445611957552e-01
2.077517642067049641e-01
8.404340010471785805e-01
1.984258547050651855e-01
3.464902196440957094e-01
4.251937400972735093e-01
1.370370604068595066e-01
4.928096650315691440e-01
2.183112560356021969e-01
4.920102966976764441e-02
5.591743379431682315e-02
2.758201285037874609e-02
3.483350640062136128e-01
2.204337157508706735e-01
1.282870123068337587e-01
4.522199566964856809e-01
7.030995316257235284e-02
8.523476377838007378e-01
9.118310137868693155e-02
2.848000160860065036e-02
2.359505810097154432e-01
2.526267818614004734e-01
1.844900075711464887e-02
3.203578824111568135e-01
1.663196941803158149e-02
1.799514945592512183e-01
7.888251313336211989e-01
7.159032932985862074e-02
7.287443259040201626e-01
1.009853573857106140e-01
3.972900989990285070e-01
8.063748304433431269e-01
5.915962390196269349e-02
1.465266891811323746e-01
8.130721978520490112e-02
4.283490418449267811e-01
4.095993244870401763e-03
1.934667176525198262e-01
1.471338288996954478e-02
3.189430284398324100e-01
1.782915841201591078e-01
1.259722451777843255e-01
7.355386514846870005e-01
8.551123999229175432e-01
2.948605010604709031e-01
5.326256900223237389e-01
1.021834767332893135e-01
2.221239339140333446e-01
6.694734385587970404e-01
1.224529575520896668e-01
3.452125047958988224e-01
3.713640942206585804e-01
4.947407001410650262e-01
3.545911144045776897e-01
8.634347680415828119e-01
6.307683262533921031e-02
4.437559630725638193e-01
5.703643008279325743e-02
6.078943417473912092e-01
2.724841837203965667e-01
8.115979904911300169e-01
1.091522580544838084e-01
8.942129437790299340e-01
1.287286149363529308e-01
1.346423082459333453e-01
6.570094593202250310e-01
8.262523340009551021e-01
2.062511926697656317e-02
4.415149312029394979e-01
1.831864240680125544e-01
2.308048461191542222e-01
7.858725902260300933e-02
1.259519064150137757e-01
8.425159329154932042e-01
8.121448231273915852e-02
3.400882971323847537e-01
3.310083594213365510e-01
4.281665496599423304e-01
4.190487463172177796e-01
5.594699696360121849e-02
3.313926480465002183e-02
6.316210919176026839e-02
3.249985356992724506e-01
4.585247501237419421e-01
5.753853113202586078e-01
3.127103445531010939e-01
1.366314768077177000e-01
5.177151185594004446e-01
4.842120673387461660e-01
1.344693346421093894e-01
1.588109072869847982e-01
9.970573614512287519e-02
5.408100556701329609e-01
1.676414125930374976e-01
1.425684661857687385e-01
2.228313264118775006e-01
7.092744491769535919e-01
9.932138481902687277e-02
1.276477872825896309e-01
4.809529831879817419e-01
2.319001324604394454e-02
5.436486566173503315e-02
7.153265026276497407e-01
1.185408287305419611e-01
4.841868435193638631e-01
5.225721527105461894e-02
1.358503160076687255e-01
6.815959326506457194e-02
8.926697740117249813e-01
4.072868114480764912e-01
8.472294019285308009e-01
7.030797006868890753e-01
9.864600205559874713e-01
4.747769761031214730e-01
6.231626495608905136e-01
9.493290290180359525e-01
3.217059097663509393e-01
1.822482523952934641e-01
7.715728421777865442e-01
7.912730695292577998e-01
5.522556068139452545e-01
8.221289290370485947e-01
9.074019980972671817e-01
5.763683494916385097e-01
3.090182891786731334e-01
8.789458375130718704e-01
6.658225770267337529e-01
6.838780366266222766e-01
7.389881164994170915e-01
9.707344440276998165e-01
8.566676481753721095e-01
6.649089891959516496e-01
9.729434116846530367e-01
9.729737536851204016e-01
8.295301074029318711e-01
7.519887056475148546e-01
9.604797426310540676e-01
9.439415967536886054e-01
5.045979555802003746e-01
7.474364856836046567e-01
5.406645853574937322e-01
7.468699463974332042e-01
7.900969032271450976e-01
3.524440405808190735e-01
6.907873776674207100e-01
9.404422366277145340e-01
9.648682311362551944e-01
3.206765525402023864e-01
9.814110687639997499e-01
4.395777533584731556e-01
2.459172849423022500e-01
9.146645080320046084e-01
3.327063669158217274e-01
4.177523430236370627e-01
8.023139092505828796e-01
6.027318896446537400e-01
9.299319292900740663e-01
9.333219214547389120e-01
2.848579713414173820e-01
7.951707932224525432e-01
5.465230294967161617e-01
5.573215272235360063e-01
8.231641746771006796e-01
9.950275932006791280e-01
8.863304451182464350e-01
6.515150370798807877e-01
5.292745625543893162e-01
5.648512469768046662e-01
8.880803633688719723e-01
6.283059538019736268e-01
4.247030807059778978e-01
5.635919046315044367e-01
6.533326814570548091e-01
9.267529675292099922e-01
8.708326954997369640e-01
8.322132624250970778e-01
6.389718394690967473e-01
9.894671048807832658e-01
9.858884794559185094e-01
1.196513450819657737e-01
7.272514302901602612e-01
6.301800132312047609e-01
8.302144572969064606e-01
5.282175410970861851e-01
7.731133231223294988e-01
9.260644954835547393e-01
8.904126784703561004e-01
6.483837870107914680e-01
5.386501358377540072e-01
5.594385011213562908e-01
7.715305390338792479e-01
6.492473428612812736e-01
9.546829414153684690e-01
9.722868425704486173e-01
3.820626943142232945e-01
5.147366735974135965e-01
5.273357204726387693e-01
3.032787571144510697e-01
4.718431824836630817e-01
9.242709363106563769e-01
1.097472052842967394e-01
8.465272889323645078e-01
9.715746116442843805e-01
1.511342519097828296e-01
7.070162695133609398e-01
6.591448271668787218e-01
9.265907769912552494e-01
9.323515224332193929e-01
9.562320447241715593e-01
8.894149396345633063e-01
8.478268611824774093e-01
7.256677254814855038e-01
7.479531815802197281e-01
2.974947814520965683e-01
7.593097602531502233e-01
9.297143653979824673e-01
6.967079451780003874e-01
9.621771176022447802e-01
8.345093719374325758e-01
4.011399541556849302e-01
8.980830331070028816e-01
2.772545834815772214e-01
3.343440015327106551e-01
3.619630963992744865e-01
8.496489991465663305e-01
9.202145261145798782e-01
3.534870493478582953e-01
2.582701817155880208e-01
2.106186668771076742e-01
6.162289834593041027e-01
1.810629885808695272e-01
4.123062077478012455e-01
6.899072829328936063e-01
9.227573665768684652e-01
3.255045351690613598e-01
8.627431354558958709e-01
3.254685814420115175e-01
9.737971010454481435e-01
9.359229848323510348e-01
5.888157009953420840e-01
2.527726141467101506e-01
6.581196649788665365e-01
2.288552292986564818e-01
9.205421708551587701e-01
7.371157025101005011e-01
1.369612892269716220e-01
7.947414293114356543e-01
4.394332333818380953e-01
9.861657241425568765e-01
8.364319357686317291e-01
7.652326354326008939e-01
1.453079186220887775e-01
4.362053751769556231e-01
5.616590343501746130e-01
8.413083042552657043e-01
8.971706658230499398e-01
4.547862792515276475e-01
9.088761548503206944e-01
8.073001335856948568e-01
9.717274934072048787e-01
5.623613000087187563e-01
7.811597754285297679e-01
4.316870830100734135e-01
6.222764079979608010e-01
7.776133253956055702e-01
7.993006397245346895e-01
6.192342783531108452e-01
9.776987902693827781e-01
5.798587805130206441e-01
7.102678340488450814e-01
9.477229355690774959e-01
7.265345278564466769e-01
4.761595567858475375e-01
4.933480939543683497e-01
9.453460326134616176e-01
8.867341942256670162e-01
4.843017829113350214e-01
6.041627901911373888e-01
4.957430117592984131e-01
4.168725861968367585e-01
8.720027952140939620e-01
9.710817159355019657e-01
9.263445442020189491e-01
8.479125951511073955e-01
8.322766768127821679e-01
7.886741394144244355e-01
5.800049043903868773e-01
4.658988454143059288e-01
9.694991021895864591e-01
7.801588228290201599e-01
8.148161687354390503e-01
7.040958454708250436e-01
7.688439824493815689e-01
7.094136278381447669e-01
5.267259026334691202e-02
9.098907359300056896e-01
7.557111465390462524e-01
9.252752381114834890e-01
5.694599311242103390e-01
9.191876590401827363e-01
6.429320852795507024e-01
5.913835661818263034e-01
9.503854814709986609e-01
4.908189661399429693e-01
6.028542671798735597e-01
8.498012845758639022e-01
3.898720391943911179e-01
9.307532302059927654e-01
9.660785246690970496e-01
9.492698634306848682e-01
8.189991165320590349e-01
3.443860649407308183e-01
6.597224284516457482e-01
9.271946887494625367e-01
8.403885855447401632e-01
3.360426039675874499e-01
9.258941723972476945e-01
8.771478087442990956e-01
8.175530464535960551e-01
5.763644586195416641e-01
8.431537690846853117e-01
7.278045161088765314e-01
6.044629597111841335e-01
5.824908432414476200e-01
8.022736191641237635e-01
7.873526814189016898e-01
6.096531261417597047e-01
8.816158415692827433e-01
9.855324033466035250e-01
9.853464049514280010e-01
8.703381835347009376e-01
4.245462070324325654e-01
8.666373178999430271e-01
9.154004469509957609e-01
9.562827368942470319e-01
5.340437406027200851e-01
3.096393993126693722e-01
7.533951560887497401e-01
9.027647416302096994e-01
8.950137144838340442e-01
5.922826601004362868e-01
8.430078966188804257e-01
5.164169495708269275e-02
5.732581639324586531e-01
9.605991417816240885e-01
3.397333264204339676e-01
8.952666293422610888e-01
8.094770281604053430e-01
7.954190277500231554e-01
1.469646798739315807e-01
9.782434043920339439e-01
7.343691318811683688e-01
8.933792121945337561e-01
8.448832662230281176e-01
8.319834905828560334e-01
5.860594173909277060e-01
9.621934646640828426e-01
9.052477261591007629e-01
6.791137342323737558e-01
8.789486631023165630e-01
9.824242078243211607e-01
1.237326685471572610e-02
8.877811082119804187e-01
9.737101891398112219e-01
9.323182452002385379e-01
9.575643440740038148e-01
9.245378965780216562e-01
8.308376688539218513e-01
7.451863525256927634e-01
9.618545307578155734e-01
9.528595263251486980e-01
9.176663260652699883e-01
6.974989945283573967e-01
2.075012022596923467e-01
3.462776769073462879e-01
8.920204181593601733e-01
9.063812256863618133e-01
8.395722599026266275e-01
2.499823008371501454e-01
9.400765501237799970e-01
1.457934598674860971e-01
7.783030812814080157e-01
7.815738409061310232e-01
8.627080171736071224e-01
9.263412209037789058e-01
5.859360182100629144e-01
8.312563623002454660e-01
6.624254675338940856e-01
2.215352325982834769e-01
7.931577190120457921e-01
5.745992803968584806e-01
8.451254416731932562e-01
2.715564973348061906e-01
8.703823591483054178e-01
4.695354204086159555e-01
5.719655778905645693e-01
9.425153358301971984e-01
1.777546772886831883e-01
2.576142055875729753e-01
8.805312472726241069e-01
6.482103356778485814e-01
2.573095892342048829e-01
6.781284516627142933e-01
8.701992235855895430e-01
6.117850301640892496e-01
9.513290904165072615e-01
5.540608897366314789e-01
7.627476752566705320e-01
5.315683398650948854e-01
8.323972457047176254e-01
2.154360519267090601e-01
8.599771637598695451e-01
8.563670205645484979e-01
6.784177389217228571e-01
7.654244598266707333e-01
9.337680142309010556e-01
1.981256651043223072e-01
9.475742447531182444e-01
9.493956705735234758e-01
6.352769467886362209e-01
7.075751099811493361e-02
9.353509310081782324e-01
9.782931260871773338e-01
1.947431604287599149e-01
2.385497789611487895e-01
6.725442651704256480e-01
4.298969806068584365e-01
9.671240222465489200e-01
7.922265679452770160e-01
8.597861714107571940e-01
9.106668633310176508e-01
9.884673277130816560e-01
8.604570223153032993e-01
6.296101606709235687e-01
9.943751366670012803e-01
1.584263958372995607e-01
6.854299777831527329e-01
9.575958519306849714e-01
5.754264035649372389e-01
9.918893178848862124e-01
9.785891672314316336e-01
9.061026088543349122e-01
1.717453919805694285e-01
8.416294931202807084e-02
8.907189372526364002e-01
9.984272485147666076e-01
9.137537078499580190e-01
4.451034106251277045e-01
6.021887835078008067e-01
5.497970473128250823e-01
7.649140187083598441e-01
9.805669709250360855e-01
6.807753821123223581e-01
8.502899239673010756e-01
9.479847936338621217e-01
8.952806765646743603e-01
8.238818913784870523e-02
6.963371777772011662e-01
4.086423853862781175e-01
8.662511185579321316e-01
7.396423287806275226e-01
8.324189951442139135e-01
9.729201149988815356e-01
9.328553345077224002e-01
5.939718590251553687e-01
7.988645925921017410e-01
8.054076636668441314e-01
8.806070964295431569e-01
9.925444089536900050e-01
8.364522378760416155e-01
2.760856259419762759e-01
9.659850627827573089e-01
9.903352643887523010e-01
2.439368071751592260e-01
1.830202375980328200e-01
9.127459667886100858e-01
5.540510787777741530e-01
7.536018985576324880e-01
8.724107086570971337e-01
8.263313078018560409e-01
7.812182323592370414e-01
7.791802556579939809e-01
8.880524059285010985e-01
8.945415155414834230e-01
8.945879133409543327e-01
3.504375176441457684e-01
8.453607502255203743e-01
1.334104278395763232e-01
8.614226620909827270e-01
9.487119279168830799e-01
9.163190772624728586e-01
6.514208606763720599e-01
7.923257119212513411e-01
6.033063205777162707e-01
8.920762824064509822e-01
9.714802648470247659e-01
7.139768276570177541e-01
8.292559146952018789e-01
9.288643831236026438e-01
9.755521842764078855e-01
7.958732992974044684e-01
5.894599850312121081e-01
8.503353525959119752e-01
8.481684420761430587e-01
5.301425774074711716e-01
5.481795147920341948e-01
3.195789370032929289e-01
7.890485405348469650e-01
