1.529733761878519227e-01
6.112634123025865174e-01
1.839425602843336172e-01
5.507160526708849979e-02
1.364846235012224518e-01
2.189082840055089907e-02
2.352042779585898635e-01
1.218993072464367999e-01
1.202427867756270669e-01
7.812978090812078280e-02
1.973277808492396312e-01
5.599786806480642198e-01
9.579755240866297261e-02
1.513930734307003811e-01
3.514752755202899676e-02
5.972749667899678039e-02
1.246559988280116216e-01
3.367752869100989477e-01
1.056292856375536660e-01
8.870273075699650067e-02
3.821441006190133272e-01
3.640626548335126195e-02
9.109798095117258021e-02
8.899140328632958452e-01
1.441158014403917942e-01
3.460074585261396218e-01
4.558458317916202346e-02
6.447579730301097323e-01
5.833365354604369557e-01
9.321931230993203699e-02
4.827660127731896178e-02
9.624779985659827342e-02
2.357964498179631121e-02
2.772446667785899779e-02
2.187828934673720083e-01
8.714097383800692431e-02
5.732760370932563770e-02
6.352091245823297816e-02
3.462894109912599272e-01
2.753820523542646614e-01
2.681932617050329370e-01
9.511774501303164042e-01
5.688131157494319412e-01
4.219989653503668503e-01
7.717709804772774351e-01
1.121977819206232546e-01
3.507874004783995137e-01
2.144940248109925285e-01
9.097172465435853644e-03
3.501932158944397466e-01
2.947840269310616490e-01
3.409704235208128875e-02
1.123827722535163248e-01
9.733916034316335286e-02
1.004317073263142485e-01
3.157740836915116228e-02
1.231104524680620704e-01
3.121956103055827936e-01
5.534679589010386286e-02
5.266830615865521203e-02
2.103327209029923484e-01
1.477077755518909907e-01
1.027490710203686208e-01
1.397250383791088235e-01
6.247918646168323931e-02
4.196727490330024457e-01
2.646975777593870149e-01
2.970049680447737761e-01
1.847787784332566574e-01
2.102376117065863359e-01
4.551712050434739837e-02
1.501803950561164946e-01
3.037746368429490307e-01
8.237807596601662286e-02
6.177908915375274201e-01
8.038538289033987649e-02
9.292087001023915938e-02
2.785419034978414143e-01
9.071362138647369455e-02
2.895293247471786846e-01
7.156943803312618702e-01
3.204851889260467157e-01
8.609334069184665372e-02
1.860651695530716188e-01
5.623578439559435704e-01
7.344468748678102676e-02
3.035671632655891905e-01
5.261377970560092709e-01
9.264099189333861728e-02
4.471043788771172922e-02
2.955928531182244745e-01
3.885929298322879921e-01
1.511196633032977354e-01
1.878477980754992560e-01
3.285746183969202039e-01
1.974819719769402571e-01
2.455483213946934584e-01
9.498864234334181145e-02
8.214303877514209096e-02
7.987765580841499347e-02
2.086155385752668789e-01
2.139650090304101582e-01
3.146776227059314146e-02
1.712328902993807411e-01
5.860429960737529448e-02
2.878281716327218617e-02
9.734840584102574246e-01
8.026485410391868969e-02
5.452111426280736167e-02
7.432756312584051783e-02
7.992950535098528597e-01
1.630996621839622684e-01
1.163637550223540484e-01
1.474813362330338051e-01
4.929489421018128092e-02
1.063478348072268709e-01
4.504450354126116052e-01
7.452709129988803471e-02
3.283089777187839925e-02
1.976979518861311791e-01
6.373624948055328643e-02
1.194349622094040136e-01
3.857917922728721360e-01
4.416744983507209232e-01
3.515018193061646978e-01
1.410273972471643433e-01
2.694649657189738257e-01
1.104409800625243826e-01
1.851386413178176538e-01
2.941761878422728960e-01
4.844017167753619790e-01
1.383348066476922378e-01
7.534632306097919230e-01
4.457047422669555559e-01
3.906846736139198417e-01
2.449969541752113900e-01
2.800386272042955094e-01
2.909734683184564408e-01
1.288361839195653613e-01
9.552544974699790359e-01
9.195082892378658723e-02
6.388737969626712143e-02
1.660827806431452169e-01
3.285862160228231188e-01
4.269706415269611810e-01
2.387875915929595916e-01
1.802798229586709544e-01
4.375419460393739635e-02
1.101004609253033589e-01
7.477955946239210616e-02
1.492882180703483108e-01
2.074950245898394274e-01
6.590251773281734227e-02
8.727855909538366486e-02
2.042177690118426037e-01
5.749410969186899978e-01
7.590312110442747062e-02
9.860826144222020195e-01
3.827905810358936400e-02
1.177125040212227969e-01
9.361043877711439087e-02
1.607177440285594283e-01
7.647113574081525200e-02
3.448833490024626469e-01
3.721687654139835821e-01
2.598685883672314026e-02
3.372776388975471940e-01
6.101054708596539977e-02
3.936336321222704687e-02
4.109990910053721302e-01
3.986994012188617709e-01
6.114567400629775801e-02
3.743328575187114537e-02
1.955208425335654698e-01
5.834375194584019431e-01
5.478478157049769814e-01
2.555031184012492296e-01
8.480087616895086444e-02
4.927604092716539319e-02
7.451525169982421704e-02
6.939314855261723147e-02
1.271159496984163306e-01
8.026323021320820317e-01
4.162709922647302857e-03
1.246799698969427717e-01
2.499754704978976103e-02
3.041900440285020268e-01
1.480914983541605223e-01
2.458621760964197211e-01
3.011928842039264254e-01
1.932119812734481856e-01
8.608300876673373458e-02
1.549158088145441425e-01
1.933344945891780908e-01
2.458147353191750539e-01
6.294659392311497959e-01
1.217545517734581056e-01
2.411488769737560323e-01
6.898998929341983999e-01
3.547827816689433367e-01
1.328287624109274478e-01
1.244117223074970996e-01
1.557920977547884167e-01
9.163530985426811271e-02
4.043062383190217379e-01
4.229823469114315504e-01
4.779389833305717344e-02
1.670759381176455116e-01
1.436607774796440640e-01
1.501580667559930249e-01
2.792153586647170838e-01
5.210458130746091765e-01
4.445503602059001080e-01
9.650490292953999294e-01
3.144538850678434971e-01
1.625850985024298451e-02
1.833835073065185062e-01
2.151754793452645420e-01
3.688353946671719674e-01
2.276765622661314215e-01
1.095534228256542508e-01
4.596917537187750202e-01
7.169843773123543151e-01
6.447354677762189012e-02
4.659860296496842746e-02
8.348812348249244619e-02
4.417052060781008205e-01
5.292510476714311629e-01
2.100257844187285172e-02
1.448618577802962548e-01
1.370169498248169360e-01
8.589445650711042823e-01
8.287783145068592372e-01
2.489932127139382959e-02
2.958281915903157033e-01
2.114104383377931468e-02
1.832923860624802448e-01
1.823598153443816428e-01
2.656745338598330286e-01
2.975960678514481469e-02
2.142109273677081926e-01
5.445745125700089950e-01
6.163198809894431252e-01
2.067537497616524500e-01
3.079695264970491730e-02
1.577344863094162219e-01
9.411559812752487986e-01
2.536712626842246854e-01
8.503604394712221959e-01
4.060888428790518923e-01
8.472941969728534639e-01
3.833025956803806644e-01
4.208630584471144132e-01
1.840799507492712761e-01
2.125291600796019587e-01
1.106131767424018419e-01
7.407102913986429726e-01
3.682577648114609414e-01
3.239525071368635351e-02
1.226677088866916093e-01
7.576997935662204142e-01
6.688572912380383872e-01
7.609998807563425616e-02
5.591190018543276685e-02
4.497170456951534723e-01
3.775368699417085971e-01
2.417988199393983351e-01
8.341023189134930127e-02
5.165165983120942883e-01
2.048208676383951599e-01
2.784256860281628804e-02
2.441349882114453029e-01
3.936247806695616219e-02
1.139254382098256607e-01
1.963855160456339788e-01
2.120322379457292850e-01
1.659965432123856055e-01
1.940696034318764585e-02
5.408612535900692020e-02
6.501582581719940190e-01
4.262577091240411092e-02
1.419245206105358981e-01
2.618693959800879045e-01
5.811182684696490630e-02
6.335557069009473130e-01
2.078203366073460290e-01
9.768766866533634685e-01
6.639930860768123999e-01
7.063784759251168222e-02
5.978393553229206098e-02
9.511379371533240645e-01
8.248780075538633683e-02
6.532164713946937429e-01
9.697927980797049763e-02
6.773049377813825100e-02
1.526180944822931596e-01
1.134869954419056581e-01
1.741873011115349368e-01
2.271769495423218710e-01
2.378535769489165119e-01
4.343438013117276175e-01
2.289296787133731081e-01
1.131757857518965321e-01
2.747416332680555073e-01
1.509416797162970725e-01
7.823733899426493776e-02
2.181878075869924105e-01
7.243087092797878546e-02
1.324883972168320601e-01
5.736809982608085529e-02
1.380460762161533905e-02
5.614051178378038909e-01
8.981891875639428369e-01
2.075269125756098454e-01
6.821752592204811949e-02
6.129602277724882642e-01
3.189745378303170398e-01
7.038661898270209827e-01
3.089073155726466263e-02
7.714493097296807322e-01
2.164676457674916954e-01
8.532196591086310677e-01
1.551829089187576338e-01
3.328708996101022999e-01
6.974003807695820789e-02
4.757509136147095585e-01
9.583179520766628157e-01
3.117617907646065278e-01
4.800404019216039098e-01
3.589700469662329696e-01
3.818928242173276477e-02
4.154380733255932934e-02
5.042084564369996302e-01
1.557623556871774451e-01
1.498362882521818151e-01
4.428524855435671537e-01
2.474001818472513492e-01
2.073200934270870988e-01
1.848699266362141824e-01
2.542751047679399079e-01
4.725252401700428262e-01
5.846119693339977275e-01
2.750204067293771648e-01
1.956889697878363421e-01
5.847844832978259244e-02
5.792869173577525760e-02
3.799177670735179868e-01
5.461189439643167332e-02
2.046606389652806945e-01
9.471275458910144440e-02
2.069747529898081362e-01
1.302003900738442910e-01
5.940784154757358659e-02
2.298569620019766946e-01
1.538909404653698298e-01
3.865436849710256473e-01
1.670354012827113266e-01
3.006790495621190495e-01
2.506402527763567645e-01
1.494804983192115320e-02
1.038704109073086412e-01
2.507847189017046174e-01
3.565872025997803285e-01
5.158229914086305268e-01
4.663097040075492306e-02
2.425178278736820903e-01
2.609361855644548034e-01
2.384725289073639787e-01
1.776653075517933000e-01
2.920070412068684895e-01
6.445000347694979093e-01
1.690926759088391962e-01
6.572782433556637605e-01
6.490644705472367049e-01
1.250827078694493888e-01
7.914466379221761771e-01
6.483856586477401707e-02
5.914860224338813754e-01
2.177882969124594059e-01
2.680396610541508351e-01
1.763397067618629188e-01
5.900700205069439042e-01
3.844136561278263531e-01
1.717979059561118849e-01
9.903314022768162916e-02
6.192242312047334662e-01
9.703056152553107827e-02
1.047438624927404388e-01
1.748476186553765965e-01
4.744134617955724775e-01
2.998799197235291203e-01
1.493123449407217362e-01
1.051525223257948893e-01
7.097305308648321764e-01
8.243777323948986435e-02
1.715549800571455896e-01
8.691855456171707073e-02
4.034702730987747010e-01
3.911443341753682024e-01
5.731755432515148740e-01
4.881863098461943218e-01
1.414689628273440303e-01
8.494233792879386513e-01
9.965845663951267142e-01
9.358050347897024501e-01
7.364457594821736119e-01
9.613021928807222727e-01
2.229118917057949789e-01
9.399542668699665260e-01
6.488016160972815971e-01
9.619063901803902583e-01
5.528742637095730439e-01
2.961119651520696672e-01
6.222860932615544849e-01
9.863234295366406501e-01
9.231287965945288443e-01
4.222641843503543435e-01
3.483441812359472922e-01
9.765776504383276713e-01
9.895025633209491023e-01
5.932793837821469518e-01
8.703289705809111876e-01
3.669399974485211824e-01
9.764420102614509434e-01
9.559023370297314859e-01
7.277075577460462297e-01
6.271757637293896570e-01
9.555585763610768835e-01
9.688288607657081775e-01
2.266981950022796399e-01
9.982429205383640536e-01
9.542035945946298892e-01
5.907217846410416362e-01
8.655917031351600954e-01
4.614024051426303674e-01
9.612609342130906676e-01
2.544819817005831708e-01
9.999701902149766841e-01
8.660638497335577668e-01
9.816680528530841165e-01
9.798204929505129890e-01
6.947334856032429951e-01
4.968213942426232266e-01
9.835691373473502974e-01
2.768344423799687926e-01
9.999653368813569143e-01
9.976392158661846477e-01
9.935636151006072003e-01
4.076003498166945183e-01
1.925766987399240293e-01
2.198188632212768889e-01
9.746095518943936886e-01
9.813263776465349641e-01
9.833018600919452012e-01
8.821978649515404003e-01
9.936353265441817406e-01
6.317604162638991161e-01
9.861470992828402782e-01
2.105987985213745028e-01
9.922260452435822664e-01
6.442191399394445739e-01
7.786699400255266967e-01
8.667568453190971356e-01
6.782667127304581323e-01
7.685413970664694006e-01
7.641996163527986496e-01
9.555453479176049258e-01
4.622508842129681716e-01
9.999340694144930319e-01
6.742983054417182043e-01
9.497306344644215192e-01
6.101271397336015534e-01
7.491906653647546488e-01
7.272491248837774647e-01
3.834568822601965854e-01
8.378929438664608487e-01
7.593804464704762003e-01
9.999095595415087301e-01
9.926808056759509613e-01
5.974828793248873060e-01
4.329269773252726883e-01
9.999996083690475546e-01
6.571138816594456200e-01
5.319873424696939246e-01
6.942422796683069830e-01
8.525232295108273739e-01
7.412563670457446019e-01
3.866271803352825387e-01
8.204919558279972769e-01
1.376625243327800063e-01
3.474851835845353953e-01
3.448399987729526828e-01
9.521692347133859924e-01
9.132526329625335615e-01
8.988658955257560201e-01
6.239545785432779601e-01
4.611647936237834311e-01
9.999980811808487635e-01
9.999568428793450536e-01
6.252087540203039584e-01
2.166072311192006328e-01
3.069361834007712786e-01
9.152827963257226251e-01
9.484231346879496982e-01
3.329618128027656554e-01
2.139354515070749085e-01
6.457609109311646112e-01
9.911365383058365897e-01
8.593846099251608583e-01
9.965968515779947134e-01
9.999807520170630459e-01
9.064667301401408972e-01
9.769799382688544309e-01
9.767603853851714035e-01
9.981168188531336360e-01
8.684857939443708652e-01
7.004998078022663943e-01
2.143993562771873973e-01
9.908649571561792824e-01
2.401175660007586476e-01
9.435820644806068858e-01
7.557591864111354862e-01
9.115984155985172865e-01
5.006173868528541737e-01
9.823731292233421897e-01
9.997620939931072259e-01
9.794147277109702676e-01
9.071075855867978266e-01
9.999919706032665001e-01
7.390967946626598728e-01
4.406559416399506435e-01
7.047102559721241111e-01
9.939974732304159843e-01
9.953647578530789852e-01
7.284905560112804324e-01
4.738224626342321111e-01
6.068731574126179362e-01
9.965900174612386531e-01
8.391570285268302731e-01
9.981452191085251613e-01
8.188488440204176877e-01
4.699673349588970872e-01
2.839547848101050542e-01
9.969449285772049585e-01
6.463753908415075244e-01
4.836390861064662761e-01
4.959694607628233332e-01
3.243270743304331183e-01
9.994662985247810827e-01
9.978979981703006708e-01
3.720668620977354291e-01
7.793745817473403115e-01
6.934385818874206908e-01
5.111422239045628757e-01
9.736375838409981887e-01
9.983710774105849506e-01
9.955850832888960555e-01
9.977266430127391672e-01
9.687216763799845198e-01
4.044710438930025909e-01
9.414342006420864939e-01
9.991098530959614532e-01
3.610863295482313884e-01
9.783715946859004031e-01
9.301254339379220193e-01
9.462833961134764493e-01
4.472818354302459110e-01
3.430583669293427729e-01
6.080749745446714094e-01
9.992875363585248527e-01
9.475478945535742437e-01
9.999999905415074553e-01
9.820036478039947392e-01
9.370401282917647512e-01
8.363118179681531261e-01
2.853679950774735685e-01
9.999999571080789851e-01
7.948634076748835042e-01
9.902927457406279776e-01
8.487485949711397470e-01
9.999617410693544262e-01
9.298123397101705212e-01
9.974510761855384100e-01
4.012236037994189597e-01
9.922235391377486335e-01
4.358789868220492303e-01
9.999895004804891796e-01
9.999802834754030201e-01
9.976159061227268809e-01
9.166432445925983830e-01
6.955818819850141388e-01
2.496384232839255479e-01
9.732758376209608153e-01
2.250615665294831702e-01
9.998910002473090364e-01
7.706112435671045313e-01
6.679746791458658350e-01
1.200254329578960694e-01
5.106291911108897796e-01
1.946793319172238357e-01
7.636807307744343520e-02
7.338602043143899190e-01
7.238055652877590784e-01
2.181436883919194714e-01
9.999040279939628295e-01
8.086413456210019834e-01
7.169408350771029337e-01
8.250243474665007737e-01
1.279163351040701335e-01
2.045744566742294102e-01
8.835623273336433714e-01
3.568071900408722463e-01
4.269945926787493407e-01
9.582906086944003032e-01
8.858035846769838351e-01
9.272351058634058507e-01
3.645603959792969029e-01
3.622695620047594045e-01
4.191041088382072566e-01
8.620170780194243987e-01
9.351831716195272426e-01
9.359309748252190309e-01
8.117942821750587790e-01
8.062105645265682519e-01
8.488690356622640154e-01
2.306817580867819295e-01
6.559653462394564594e-01
6.615693704110392481e-01
7.327064927364622671e-01
8.222159695438249205e-01
3.713491391455771562e-01
3.631932067921720964e-01
7.815898078872846044e-01
9.969995556412586390e-01
9.725409290940044693e-01
9.925706978548289872e-01
4.980054750728222235e-01
9.979903858980454512e-01
6.541060359469540453e-01
9.907943129404319649e-01
9.986972975118205698e-01
8.128383140762610592e-01
2.642059310418388152e-01
8.868178756645176408e-01
9.957534946547125232e-01
9.994756469265816401e-01
9.999980415652190979e-01
2.447660856318226996e-01
9.959313521744390663e-01
3.936406073339738798e-01
9.459601648453723755e-01
6.526103445096780309e-01
1.913192393329399832e-01
9.997342004845710672e-01
3.129349615725412481e-01
5.105138436074795338e-01
9.205123932892151917e-01
9.956788453229032942e-01
9.996933202303565080e-01
3.999507028534012854e-01
4.647270242590241796e-01
9.348904070562393809e-01
4.649161731208360515e-01
9.985862155192835043e-01
3.944674300967281333e-01
8.145640870295937086e-01
8.640864043654782334e-01
9.625615944513140620e-01
8.064511313239569601e-01
9.662873337815608421e-01
9.053177069946638511e-01
9.956172078625032951e-01
5.338902609790462384e-01
1.000000000000000000e+00
9.224048996142643064e-01
5.017569992882983110e-01
7.901698933382478307e-01
7.157166762964253248e-01
9.739753910205862786e-01
3.276535456680989000e-01
9.999798958876952026e-01
8.525600331280841493e-01
6.044062511158696527e-01
3.669045442384714639e-01
7.745058503749931988e-01
9.999992280132723454e-01
3.001794500318939463e-01
9.700713577740966986e-01
8.572615354317905112e-01
5.746875479755468863e-01
8.195545821291281285e-01
1.000000000000000000e+00
8.992197054140401713e-01
9.826285545702628799e-01
4.338679381264445856e-01
6.118107139819601858e-01
6.254538242529100733e-01
9.607223522980292696e-01
9.999999999999222844e-01
7.712570424444872286e-01
8.459904228278238847e-01
1.370228620840361344e-01
9.925197522486614021e-01
9.500792565492076625e-01
9.971923753259908096e-01
9.757838540301480013e-01
9.340000076960799369e-01
2.089739488486779262e-01
3.052261196237442964e-01
3.156318875392388201e-01
6.857627661598051372e-01
2.506278692325897284e-01
9.503703413403635780e-01
9.851362398749357041e-01
8.953118343647239463e-01
6.253369461113946759e-01
3.479525745026241790e-01
8.247225856087581075e-01
7.779627275024946220e-01
9.894463433217740578e-01
9.999999762423429361e-01
9.322405346540030280e-01
9.999995895089623943e-01
9.482946289588805033e-01
9.990419529323399939e-01
6.458320202882812389e-01
9.653350341758344388e-01
9.999999981365850221e-01
6.749823924804198017e-01
9.683493879195136378e-01
7.110786016128898268e-01
9.968682348932788040e-01
8.432863755182656851e-01
4.012483318942279276e-01
9.975864887552458038e-01
9.997422975631657938e-01
4.440037625120581422e-01
9.980289646063198461e-01
7.867714740590738831e-01
9.997867736375777303e-01
3.336614238024356860e-01
8.508722762583783572e-01
9.980955884591976579e-01
9.973779754940157449e-01
9.939487209165566162e-01
8.027175974553322213e-01
9.386854491011564772e-01
8.666541930008617722e-01
5.103111051332966941e-01
8.967209195546371747e-01
9.807024445077179298e-01
8.330299817009216845e-01
3.175401373991511567e-01
5.416574962736795396e-01
3.889286722294833520e-01
9.977162467502110887e-01
9.508270546411738966e-01
9.943629357990214634e-01
7.843186594298485748e-01
9.899665264480088656e-01
9.960824905015319697e-01
9.555359965391103660e-01
1.175910363935897540e-01
9.751234390013614473e-01
7.686770115944098203e-01
9.705686718252828360e-01
9.999403271114173375e-01
9.973182174962655910e-01
3.801031194246243805e-01
9.967929338873128264e-01
9.983901171324220947e-01
8.108841656684867560e-01
2.728552778553005043e-01
6.744725318369773071e-01
7.343156349578564557e-01
3.827128599587525937e-01
7.387394531220617955e-01
4.169493864515115278e-01
4.966365863895895183e-01
9.671874534069342388e-01
9.079267469135082758e-01
9.943054190861757569e-01
8.162320176535420302e-01
8.024873830660363971e-01
3.359153432226362201e-01
4.233552627014655068e-01
2.807048642843397723e-01
6.706863252652165430e-01
5.943994377466036427e-01
6.765007278893142573e-01
9.874913093519679386e-01
9.237411722526696067e-01
9.395092225417052134e-01
6.189749124032252192e-01
2.779509507647124900e-01
6.555395810026256598e-01
2.882672877939464473e-01
4.255173015499566502e-01
7.511837106023024901e-01
5.877615233140396356e-01
