3.386922425640689904e-01
4.410903555616233623e-02
4.046185333616687807e-02
6.944907468650764193e-02
6.970627269840695694e-02
1.557244977879478076e-01
8.096329505960160600e-02
4.256475368061495360e-03
1.329183583039870442e-01
2.545197951778911671e-02
5.182476691549658954e-02
5.533244807757291966e-02
6.864461634520886701e-02
7.187763993281674757e-02
2.178999555746741895e-02
4.946973338769498074e-01
1.869735520071581780e-02
4.146359147537433815e-02
1.056437263463404774e-01
1.343548120285361150e-02
1.441534970543036087e-02
1.458550278529766320e-01
8.123962041501374409e-02
1.072061275113226630e-01
7.066507195223809858e-03
8.987939145952784925e-03
3.300487652983348508e-02
2.577303687992359982e-01
1.818302608830453179e-02
5.907787165050860656e-01
8.800705942581993346e-02
1.730260934267453810e-02
7.231880303040559219e-03
2.121114939882284486e-02
2.173794477184646246e-01
7.197835316159190144e-02
2.117263967137579805e-01
2.815199556443704898e-01
2.505363668777360608e-02
2.649593874067319998e-02
7.187657327597235524e-02
2.939462349099104463e-02
1.149469068493310861e-02
1.100360860384826805e-01
6.999565261622547885e-02
1.123572468879903974e-01
1.798852162947130878e-02
6.112612940634115644e-03
4.920722428431618944e-02
1.178985606323369684e+00
6.289575568690215779e-02
1.242565875136467657e-01
2.927481415462967682e-02
1.268173332726751090e-01
6.898736371761747532e-02
8.089395107777151012e-03
7.488105387462336282e-02
5.613082028000998536e-02
1.045633996719772391e-01
5.901642374536459484e-02
2.966252696963538396e-02
2.165873758484222061e-02
4.380510217940787598e-03
1.291597755358160349e+00
7.630695611559947800e-01
6.215018180045782659e-01
5.883246083178919061e-01
7.499457982473156648e-01
7.146549882613026927e-01
1.485909977322646958e+00
2.241353420771321492e+00
1.198991071110991902e+00
1.161352159139781515e+00
9.034027843248234602e-01
1.239595403269455831e+00
5.787036972413456271e-01
8.913119249738323813e-01
7.338545570095531545e-01
9.668488709089421151e-01
3.957303080310758947e-01
9.073426036968796904e-01
2.290486448180172108e+00
1.213982435744620725e+00
1.005525116818094311e+00
6.078260463392074486e-01
5.464242884699326286e-01
6.786885675395069040e-01
1.079861445239379103e+00
1.617307407105680328e+00
9.673134939125099807e-01
6.307953088864575175e-01
9.263189858078255678e-01
7.297799469136946326e-01
9.955767119975854618e-01
7.980769096382860361e-01
1.402430366984030785e+00
1.160089464890765365e+00
6.168400997819911691e-01
1.104456090169417815e+00
1.347446870319701784e+00
1.715961636358674491e+00
9.319389067084201672e-01
8.380393365399956274e-01
1.328110658567572822e+00
4.337463158055895884e-01
8.455549224627862959e-01
8.953129961570278628e-01
1.181771765550816422e+00
7.045848224259781967e-01
5.368986200014129739e-01
1.307988462325505807e+00
4.925214966394705352e-01
1.101920889500091816e+00
5.595637268501471029e-01
4.372938302179354975e-01
1.249225659197134464e+00
1.557131385049508987e+00
7.112724826631882102e-01
1.252057118505971678e+00
9.143974261550729121e-01
8.079234229496112807e-01
8.112722593795588244e-01
6.600465713247649635e-01
1.083158204376988065e+00
1.616111799207135213e+00
3.116653952747641676e-01
