5.817178174407396096e-02
7.575907761835710616e-03
6.949489257307048598e-03
1.192816340996410290e-02
1.197233822335796657e-02
2.674632117035399478e-02
1.390577798249181124e-02
7.310671016123479428e-04
2.282927317881367282e-02
4.371481868774697126e-03
8.901116267448869190e-03
9.503574893142090543e-03
1.178999439050869118e-02
1.234527945132962712e-02
3.742521104638399029e-03
8.496629600313773678e-02
3.211347439472927914e-03
7.121541891159942177e-03
1.814474327822102051e-02
2.307598999735469437e-03
2.475895433802762034e-03
2.505119923121410311e-02
1.395323799558126875e-02
1.841309208620659985e-02
1.213701592754156712e-03
1.543715410690221605e-03
5.668722907405809516e-03
4.426624787478784101e-02
3.123009304990403533e-03
1.014686675295700530e-01
1.511557340108876137e-02
2.971794118061734259e-03
1.242105102268949894e-03
3.643101902860554266e-03
3.733581168731313349e-02
1.236257736142847181e-02
3.636487699230987747e-02
4.835220698403750600e-02
4.303064853989967825e-03
4.550786146911029589e-03
1.234509624864190726e-02
5.048647141198395714e-03
1.974260268488670783e-03
1.889914906979869511e-02
1.202204041108159878e-02
1.929781796551428147e-02
3.089602366461673393e-03
1.049866342307223142e-03
8.451542585175849873e-03
2.024956132778095164e-01
1.080260399455402164e-02
2.134157852091918620e-02
5.028069396302460060e-03
2.178139710745820648e-02
1.184886265743493108e-02
1.389386786921095610e-03
1.286112811378263207e-02
9.640698593286829016e-03
1.795919274113875683e-02
1.013631282323128498e-02
5.094660662412211875e-03
3.719977009509682284e-03
7.523705957851507418e-04
2.218372117324708404e-01
1.310603267174503539e-01
1.067454862172357855e-01
1.010471643833478622e-01
1.288062666131943867e-01
1.227449252593557638e-01
2.552111327905710603e-01
3.849616425146755172e-01
2.059316339038035626e-01
1.994669964037005527e-01
1.551631333474997043e-01
2.129055944831907132e-01
9.939473344756070972e-02
1.530864786655398713e-01
1.260425299353538919e-01
1.660602589307312305e-01
6.796830341912613038e-02
1.558398134830920601e-01
3.934004414821853368e-01
2.085064622639432597e-01
1.727030627891093240e-01
1.043966163450560231e-01
9.385061260303569075e-02
1.165675449907537520e-01
1.854706320721901947e-01
2.777791802581034419e-01
1.661400598371594595e-01
1.083416813917354032e-01
1.590990849387743378e-01
1.253426989401292546e-01
1.709943834596414913e-01
1.370729823954597582e-01
2.408731673387060068e-01
1.992501234877247229e-01
1.059448169933299155e-01
1.896948632093192477e-01
2.314295262819483501e-01
2.947234487444104767e-01
1.600643294025193564e-01
1.439366931143434558e-01
2.281084526096180121e-01
7.449770867003528696e-02
1.452275258203707120e-01
1.537736790509083851e-01
2.029741475520411287e-01
1.210153329762130026e-01
9.221453997579708017e-02
2.246523828775705833e-01
8.459258703380599653e-02
1.892594320967050936e-01
9.610736503381790696e-02
7.510700881983102539e-02
2.145596304354860095e-01
2.674437016691127433e-01
1.221639660501574604e-01
2.150459451844863590e-01
1.570515081743384112e-01
1.387641614403360979e-01
1.393393378318138753e-01
1.133657056841665123e-01
1.860368639751234232e-01
2.775738296979632924e-01
5.352980987651206890e-02
